what,kind,bundleId,bundleVersion,description,time
activated,workbench,org.eclipse.ui.workbench,3.5.0.I20090603-2000,"",1383283206052
activated,workbench,org.eclipse.ui.workbench,3.5.0.I20090603-2000,"",1383283206183
deactivated,workbench,org.eclipse.ui.workbench,3.5.0.I20090603-2000,"",1383283207262
activated,workbench,org.eclipse.ui.workbench,3.5.0.I20090603-2000,"",1383283213392
closed,workbench,org.eclipse.ui.workbench,3.5.0.I20090603-2000,"",1383283214410
stopped,bundle,org.eclipse.compare.win32,1.0.0.I20090430-0408,"org.eclipse.compare.win32",1383283219278
stopped,bundle,org.eclipse.wst.dtd.ui,1.0.400.v200904300717,"org.eclipse.wst.dtd.ui",1383283219301
stopped,bundle,com.google.gdt.eclipse.designer.UiBinder.wizards,3.1.2.r36x201305212016,"com.google.gdt.eclipse.designer.UiBinder.wizards",1383283219301
stopped,bundle,com.google.gdt.eclipse.designer.UiBinder,3.1.2.r36x201305212009,"com.google.gdt.eclipse.designer.UiBinder",1383283219301
stopped,bundle,org.eclipse.wb.rcp.databinding.xwt,1.6.0.r36x201305212050,"org.eclipse.wb.rcp.databinding.xwt",1383283219301
stopped,bundle,org.eclipse.wb.core.databinding.xml,1.6.0.r36x201305211955,"org.eclipse.wb.core.databinding.xml",1383283219301
stopped,bundle,org.eclipse.wb.xwt,1.6.0.r36x201305212050,"org.eclipse.wb.xwt",1383283219302
stopped,bundle,org.eclipse.wb.core.xml,1.6.0.r36x201305211955,"org.eclipse.wb.core.xml",1383283219302
stopped,bundle,org.eclipse.wst.xsd.ui,1.2.204.v200909021537,"org.eclipse.wst.xsd.ui",1383283219302
stopped,bundle,org.eclipse.wst.xml.ui,1.1.2.v201001222130,"org.eclipse.wst.xml.ui",1383283219302
stopped,bundle,org.eclipse.wst.common.ui,1.1.402.v200901262305,"org.eclipse.wst.common.ui",1383283219302
stopped,bundle,com.python.pydev.codecompletion,2.7.4.2013051601,"com.python.pydev.codecompletion",1383283219302
stopped,bundle,com.python.pydev.refactoring,2.7.4.2013051601,"com.python.pydev.refactoring",1383283219302
stopped,bundle,com.python.pydev.analysis,2.7.4.2013051601,"com.python.pydev.analysis",1383283219302
stopped,bundle,com.python.pydev.debug,2.7.4.2013051601,"com.python.pydev.debug",1383283219302
stopped,bundle,com.python.pydev.fastparser,2.7.4.2013051601,"com.python.pydev.fastparser",1383283219302
stopped,bundle,com.python.pydev,2.7.4.2013051601,"com.python.pydev",1383283219302
stopped,bundle,org.python.pydev.django,2.7.4.2013051601,"org.python.pydev.django",1383283219302
stopped,bundle,org.python.pydev.customizations,2.7.4.2013051601,"org.python.pydev.customizations",1383283219302
stopped,bundle,org.python.pydev.debug,2.7.4.2013051601,"org.python.pydev.debug",1383283219321
stopped,bundle,org.python.pydev.refactoring,2.7.4.2013051601,"org.python.pydev.refactoring",1383283219321
stopped,bundle,org.python.pydev,2.7.4.2013051601,"org.python.pydev",1383283219653
stopped,bundle,com.google.gdt.eclipse.designer.GWTExt,3.1.2.r36x201305212016,"com.google.gdt.eclipse.designer.GWTExt",1383283219654
stopped,bundle,com.google.gdt.eclipse.designer.GXT.databinding,3.1.2.r36x201305212016,"com.google.gdt.eclipse.designer.GXT.databinding",1383283219654
stopped,bundle,com.google.gdt.eclipse.designer.GXT,3.1.2.r36x201305212016,"com.google.gdt.eclipse.designer.GXT",1383283219654
stopped,bundle,com.google.gdt.eclipse.designer.SmartGWT,3.1.2.r36x201305212016,"com.google.gdt.eclipse.designer.SmartGWT",1383283219654
stopped,bundle,com.google.gdt.eclipse.designer.launch,3.1.2.r36x201305212016,"com.google.gdt.eclipse.designer.launch",1383283219654
stopped,bundle,com.google.gdt.eclipse.designer.preferences,3.1.2.r36x201305212016,"com.google.gdt.eclipse.designer.preferences",1383283219654
stopped,bundle,com.google.gdt.eclipse.designer.wizards,3.1.2.r36x201305212016,"com.google.gdt.eclipse.designer.wizards",1383283219654
stopped,bundle,com.google.gdt.eclipse.designer,3.1.2.r36x201305212009,"com.google.gdt.eclipse.designer",1383283219654
stopped,bundle,org.eclipse.mylyn.ide.ant,3.2.3.v20100217-0100-e3x,"org.eclipse.mylyn.ide.ant",1383283219654
stopped,bundle,org.eclipse.pde.api.tools.ui,1.0.101.v20090820,"org.eclipse.pde.api.tools.ui",1383283219654
stopped,bundle,org.eclipse.pde.ds.ui,1.0.0.v20100209-maintenance,"org.eclipse.pde.ds.ui",1383283219655
stopped,bundle,org.eclipse.pde.runtime,3.4.100.v20090731,"org.eclipse.pde.runtime",1383283219655
stopped,bundle,org.eclipse.pde.ua.ui,1.0.0.v20090511,"org.eclipse.pde.ua.ui",1383283219655
stopped,bundle,org.eclipse.pde.ui.templates,3.4.100.v20090527,"org.eclipse.pde.ui.templates",1383283219655
stopped,bundle,org.eclipse.wb.rcp.GroupLayout,1.6.0.r36x201305212046,"org.eclipse.wb.rcp.GroupLayout",1383283219655
stopped,bundle,org.eclipse.wb.rcp.SWT_AWT,1.6.0.r36x201305212048,"org.eclipse.wb.rcp.SWT_AWT",1383283219655
stopped,bundle,org.eclipse.wb.rcp.databinding.emf,1.6.0.r36x201305212028,"org.eclipse.wb.rcp.databinding.emf",1383283219655
stopped,bundle,org.eclipse.wb.rcp.databinding,1.6.0.r36x201305212028,"org.eclipse.wb.rcp.databinding",1383283219656
stopped,bundle,org.eclipse.wb.rcp.nebula,1.6.0.r36x201305212028,"org.eclipse.wb.rcp.nebula",1383283219656
stopped,bundle,org.eclipse.wb.rcp.swing2swt,1.6.0.r36x201305212028,"org.eclipse.wb.rcp.swing2swt",1383283219656
stopped,bundle,org.eclipse.wb.rcp,1.6.0.r36x201305212028,"org.eclipse.wb.rcp",1383283219656
stopped,bundle,org.eclipse.pde.ui,3.5.1.v201001121200,"org.eclipse.pde.ui",1383283219696
stopped,bundle,org.eclipse.ant.ui,3.4.1.v20090901_r351,"org.eclipse.ant.ui",1383283219696
stopped,bundle,org.eclipse.mylyn.java.tasks,3.2.3.v20100217-0100-e3x,"org.eclipse.mylyn.java.tasks",1383283219696
stopped,bundle,org.eclipse.mylyn.java.ui,3.2.3.v20100217-0100-e3x,"org.eclipse.mylyn.java.ui",1383283219696
stopped,bundle,org.eclipse.jdt.junit,3.5.1.r351_v20090708-0800,"org.eclipse.jdt.junit",1383283219715
stopped,bundle,org.eclipse.jdt.debug.ui,3.4.1.v20090811_r351,"org.eclipse.jdt.debug.ui",1383283219715
stopped,bundle,org.eclipse.jdt.apt.ui,3.3.200.v20090528-1135,"org.eclipse.jdt.apt.ui",1383283219715
stopped,bundle,com.google.gdt.eclipse.designer.hosted.2_0.ie,3.1.2.r36x201305212000,"com.google.gdt.eclipse.designer.hosted.2_0.ie",1383283219715
stopped,bundle,com.google.gdt.eclipse.designer.hosted.2_0.webkit,3.1.2.r36x201305212000,"com.google.gdt.eclipse.designer.hosted.2_0.webkit",1383283219716
stopped,bundle,com.google.gdt.eclipse.designer.hosted.2_0,3.1.2.r36x201305212000,"com.google.gdt.eclipse.designer.hosted.2_0",1383283219716
stopped,bundle,org.eclipse.wb.swing.databinding,1.6.0.r36x201305212042,"org.eclipse.wb.swing.databinding",1383283219716
stopped,bundle,org.eclipse.wb.core.databinding,1.6.0.r36x201305211947,"org.eclipse.wb.core.databinding",1383283219716
stopped,bundle,org.eclipse.wb.swing.FormLayout,1.6.0.r36x201305212042,"org.eclipse.wb.swing.FormLayout",1383283219716
stopped,bundle,org.eclipse.wb.swing.MigLayout,1.6.0.r36x201305212042,"org.eclipse.wb.swing.MigLayout",1383283219716
stopped,bundle,org.eclipse.wb.swing.java6,1.6.0.r36x201305212042,"org.eclipse.wb.swing.java6",1383283219716
stopped,bundle,org.eclipse.wb.swing.jsr296,1.6.0.r36x201305212042,"org.eclipse.wb.swing.jsr296",1383283219716
stopped,bundle,org.eclipse.wb.swing,1.6.0.r36x201305212042,"org.eclipse.wb.swing",1383283219716
stopped,bundle,org.eclipse.wb.core.ui,1.6.0.r36x201305211950,"org.eclipse.wb.core.ui",1383283219716
stopped,bundle,org.eclipse.wb.layout.group,1.6.0.r36x201305212007,"org.eclipse.wb.layout.group",1383283219716
stopped,bundle,org.eclipse.wb.swt,1.6.0.r36x201305212024,"org.eclipse.wb.swt",1383283219716
stopped,bundle,org.eclipse.wb.core.java,1.6.0.r36x201305211947,"org.eclipse.wb.core.java",1383283219716
stopped,bundle,org.eclipse.jdt.ui,3.5.1.r351_v20090821-0800,"org.eclipse.jdt.ui",1383283220004
stopped,bundle,org.eclipse.mylyn.bugzilla.ui,3.2.3.v20100217-0100-e3x,"org.eclipse.mylyn.bugzilla.ui",1383283220005
stopped,bundle,org.eclipse.mylyn.ide.ui,3.2.3.v20100217-0100-e3x,"org.eclipse.mylyn.ide.ui",1383283220005
stopped,bundle,org.eclipse.mylyn.team.ui,3.2.3.v20100217-0100-e3x,"org.eclipse.mylyn.team.ui",1383283220005
stopped,bundle,org.eclipse.mylyn.resources.ui,3.2.3.v20100217-0100-e3x,"org.eclipse.mylyn.resources.ui",1383283220005
stopped,bundle,org.eclipse.mylyn.wikitext.tasks.ui,1.1.3.v20100217-0100-e3x,"org.eclipse.mylyn.wikitext.tasks.ui",1383283220005
stopped,bundle,org.eclipse.mylyn.context.ui,3.2.3.v20100217-0100-e3x,"org.eclipse.mylyn.context.ui",1383283220005
stopped,bundle,org.eclipse.mylyn.help.ui,3.2.3.v20100217-0100-e3x,"org.eclipse.mylyn.help.ui",1383283220005
stopped,bundle,org.eclipse.mylyn.tasks.bugs,3.2.3.v20100217-0100-e3x,"org.eclipse.mylyn.tasks.bugs",1383283220006
stopped,bundle,org.eclipse.mylyn.tasks.ui,3.2.3.v20100217-0100-e3x,"org.eclipse.mylyn.tasks.ui",1383283220006
stopped,bundle,org.eclipse.wst.sse.ui,1.1.102.v200910200227,"org.eclipse.wst.sse.ui",1383283220006
stopped,bundle,org.eclipse.search,3.5.0.v20090526-2000,"org.eclipse.search",1383283220063
stopped,bundle,org.eclipse.ltk.ui.refactoring,3.4.100.v20090604,"org.eclipse.ltk.ui.refactoring",1383283220079
stopped,bundle,org.eclipse.team.cvs.ui,3.3.202.r35x_20090930-0800,"org.eclipse.team.cvs.ui",1383283220079
stopped,bundle,org.eclipse.team.ui,3.5.0.I20090430-0408,"org.eclipse.team.ui",1383283220080
stopped,bundle,org.eclipse.compare,3.5.0.I20090514-0808,"org.eclipse.compare",1383283220080
stopped,bundle,org.eclipse.ui.externaltools,3.2.0.v20090504,"org.eclipse.ui.externaltools",1383283220080
stopped,bundle,org.python.pydev.shared_interactive_console,2.7.4.2013051601,"org.python.pydev.shared_interactive_console",1383283220080
stopped,bundle,org.eclipse.debug.ui,3.5.0.v20090603,"org.eclipse.debug.ui",1383283220120
stopped,bundle,org.python.pydev.jython,2.7.4.2013051601,"org.python.pydev.jython",1383283220120
stopped,bundle,org.python.pydev.parser,2.7.4.2013051601,"org.python.pydev.parser",1383283220121
stopped,bundle,org.python.pydev.core,2.7.4.2013051601,"org.python.pydev.core",1383283220121
stopped,bundle,org.eclipse.ui.console,3.4.0.v20090513,"org.eclipse.ui.console",1383283220121
stopped,bundle,org.python.pydev.shared_ui,2.7.4.2013051601,"org.python.pydev.shared_ui",1383283220121
stopped,bundle,org.eclipse.mylyn.commons.ui,3.2.3.v20100217-0100-e3x,"org.eclipse.mylyn.commons.ui",1383283220121
stopped,bundle,org.eclipse.mylyn.wikitext.ui,1.1.3.v20100217-0100-e3x,"org.eclipse.mylyn.wikitext.ui",1383283220121
stopped,bundle,com.google.gdt.eclipse.designer.hosted.2_2.ie,3.1.2.r36x201305212000,"com.google.gdt.eclipse.designer.hosted.2_2.ie",1383283220121
stopped,bundle,com.google.gdt.eclipse.designer.hosted.2_2.webkit,3.1.2.r36x201305212000,"com.google.gdt.eclipse.designer.hosted.2_2.webkit",1383283220121
stopped,bundle,com.google.gdt.eclipse.designer.hosted.2_2,3.1.2.r36x201305212000,"com.google.gdt.eclipse.designer.hosted.2_2",1383283220121
stopped,bundle,com.google.gdt.eclipse.designer.hosted,3.1.2.r36x201305212000,"com.google.gdt.eclipse.designer.hosted",1383283220121
stopped,bundle,org.eclipse.wb.css,1.6.0.r36x201305211952,"org.eclipse.wb.css",1383283220121
stopped,bundle,org.eclipse.wb.os.win32,1.6.0.r36x201305211944,"org.eclipse.wb.os.win32",1383283220121
stopped,bundle,org.eclipse.wb.core,1.6.0.r36x201305211944,"org.eclipse.wb.core",1383283220129
stopped,bundle,org.eclipse.ui.editors,3.5.0.v20090527-2000,"org.eclipse.ui.editors",1383283220129
stopped,bundle,org.eclipse.ui.navigator.resources,3.4.0.I20090525-2000,"org.eclipse.ui.navigator.resources",1383283220129
stopped,bundle,org.eclipse.wst.common.snippets,1.1.301.v201001280015,"org.eclipse.wst.common.snippets",1383283220129
stopped,bundle,org.eclipse.ui.workbench.texteditor,3.5.0.v20090603,"org.eclipse.ui.workbench.texteditor",1383283220129
stopped,bundle,org.eclipse.compare.core,3.5.0.I20090430-0408,"org.eclipse.compare.core",1383283220129
stopped,bundle,org.eclipse.emf.edit.ui,2.5.0.v200906151043,"org.eclipse.emf.edit.ui",1383283220249
stopped,bundle,org.eclipse.emf.common.ui,2.5.0.v200906151043,"org.eclipse.emf.common.ui",1383283220250
stopped,bundle,org.eclipse.equinox.p2.ui.sdk,1.0.100.v20090520-1905,"org.eclipse.equinox.p2.ui.sdk",1383283220250
stopped,bundle,org.eclipse.equinox.p2.ui.sdk.scheduler,1.0.0.v20090520-1905,"org.eclipse.equinox.p2.ui.sdk.scheduler",1383283220250
stopped,bundle,org.eclipse.equinox.p2.ui,1.0.100.v20090527-1812,"org.eclipse.equinox.p2.ui",1383283220250
stopped,bundle,org.eclipse.equinox.security.ui,1.0.100.v20090520-1800,"org.eclipse.equinox.security.ui",1383283220250
stopped,bundle,org.eclipse.ui.cheatsheets,3.3.200.v20090526,"org.eclipse.ui.cheatsheets",1383283220250
stopped,bundle,org.eclipse.help.ui,3.4.0.v20090528,"org.eclipse.help.ui",1383283220250
stopped,bundle,org.eclipse.jsch.ui,1.1.200.I20090430-0408,"org.eclipse.jsch.ui",1383283220250
stopped,bundle,org.eclipse.mylyn.monitor.ui,3.2.3.v20100217-0100-e3x,"org.eclipse.mylyn.monitor.ui",1383283220250
stopped,bundle,org.eclipse.ui.browser,3.2.300.v20090526,"org.eclipse.ui.browser",1383283220250
stopped,bundle,org.eclipse.wst.validation.ui,1.2.104.v200904232035,"org.eclipse.wst.validation.ui",1383283220250
stopped,bundle,org.eclipse.ui.views.log,1.0.100.v20090731,"org.eclipse.ui.views.log",1383283220250
stopped,bundle,org.eclipse.wst.common.frameworks.ui,1.1.301.v200908101600,"org.eclipse.wst.common.frameworks.ui",1383283220250
stopped,bundle,org.eclipse.ui.ide,3.5.0.I20090525-2000,"org.eclipse.ui.ide",1383283220264
stopped,bundle,org.eclipse.epp.usagedata.ui,1.1.1.R201001291118,"org.eclipse.epp.usagedata.ui",1383283220264
stopped,bundle,org.eclipse.ui.intro.universal,3.2.300.v20090526,"org.eclipse.ui.intro.universal",1383283220264
stopped,bundle,org.eclipse.ui.intro,3.3.0.v20090526,"org.eclipse.ui.intro",1383283220264
stopped,bundle,org.eclipse.ui.views.properties.tabbed,3.5.0.I20090429-1800,"org.eclipse.ui.views.properties.tabbed",1383283220264
stopped,bundle,org.eclipse.update.scheduler,3.2.200.v20081127,"org.eclipse.update.scheduler",1383283220264
stopped,bundle,org.eclipse.update.ui,3.2.200.v20090213,"org.eclipse.update.ui",1383283220265
stopped,bundle,org.eclipse.ui.forms,3.4.0.v20090526,"org.eclipse.ui.forms",1383283220265
stopped,bundle,org.eclipse.ui.navigator,3.4.0.I20090525-2000,"org.eclipse.ui.navigator",1383283220265
stopped,bundle,org.eclipse.ui.net,1.2.0.I20090430-0408,"org.eclipse.ui.net",1383283220265
stopped,bundle,org.eclipse.ui.presentations.r21,3.2.100.I20081007-0800,"org.eclipse.ui.presentations.r21",1383283220265
stopped,bundle,org.eclipse.gef,3.5.1.v20090910-2020,"org.eclipse.gef",1383283220265
stopped,bundle,org.eclipse.ui.views,3.4.0.I20090525-2000,"org.eclipse.ui.views",1383283220265
stopped,bundle,org.eclipse.wst.dtd.core,1.1.300.v200904181727,"org.eclipse.wst.dtd.core",1383283220265
stopped,bundle,org.eclipse.wst.internet.cache,1.0.301.v200805140020,"org.eclipse.wst.internet.cache",1383283220265
stopped,bundle,org.python.pydev.ast,2.7.4.2013051601,"org.python.pydev.ast",1383283220266
activated,perspective,org.eclipse.jdt.ui,,"org.eclipse.jdt.ui.JavaPerspective",1383285737499
started,bundle,org.eclipse.osgi,3.5.0.v20090520,"org.eclipse.osgi",1383285737500
started,bundle,org.eclipse.equinox.simpleconfigurator,1.0.100.v20090520-1905,"org.eclipse.equinox.simpleconfigurator",1383285737507
started,bundle,com.ibm.icu,4.0.1.v20090415,"com.ibm.icu",1383285737535
started,bundle,org.eclipse.compare.core,3.5.0.I20090430-0408,"org.eclipse.compare.core",1383285737546
started,bundle,org.eclipse.core.contenttype,3.4.0.v20090429-1800,"org.eclipse.core.contenttype",1383285737555
started,bundle,org.eclipse.core.databinding.observable,1.2.0.I20090604-2000,"org.eclipse.core.databinding.observable",1383285737559
started,bundle,org.eclipse.core.expressions,3.4.100.v20090429-1800,"org.eclipse.core.expressions",1383285737569
started,bundle,org.eclipse.core.filebuffers,3.5.0.v20090526-2000,"org.eclipse.core.filebuffers",1383285737570
started,bundle,org.eclipse.core.filesystem,1.2.0.v20090507,"org.eclipse.core.filesystem",1383285737581
started,bundle,org.eclipse.core.jobs,3.4.100.v20090429-1800,"org.eclipse.core.jobs",1383285737587
started,bundle,org.eclipse.core.net,1.2.0.I20090522-1010,"org.eclipse.core.net",1383285737597
started,bundle,org.eclipse.core.resources,3.5.0.v20090512,"org.eclipse.core.resources",1383285737604
started,bundle,org.eclipse.core.runtime,3.5.0.v20090525,"org.eclipse.core.runtime",1383285737606
started,bundle,org.eclipse.core.runtime.compatibility,3.2.0.v20090413,"org.eclipse.core.runtime.compatibility",1383285737613
started,bundle,org.eclipse.core.runtime.compatibility.auth,3.2.100.v20090413,"org.eclipse.core.runtime.compatibility.auth",1383285737624
started,bundle,org.eclipse.core.variables,3.2.200.v20090521,"org.eclipse.core.variables",1383285737631
started,bundle,org.eclipse.debug.core,3.5.0.v20090526-1600,"org.eclipse.debug.core",1383285737638
started,bundle,org.eclipse.debug.ui,3.5.0.v20090603,"org.eclipse.debug.ui",1383285737645
started,bundle,org.eclipse.ecf,3.0.0.v20090604-1131,"org.eclipse.ecf",1383285737660
started,bundle,org.eclipse.ecf.filetransfer,3.0.0.v20090604-1131,"org.eclipse.ecf.filetransfer",1383285737684
started,bundle,org.eclipse.ecf.identity,3.0.0.v20090604-1131,"org.eclipse.ecf.identity",1383285737693
started,bundle,org.eclipse.ecf.provider.filetransfer,3.0.0.v20090604-1131,"org.eclipse.ecf.provider.filetransfer",1383285737699
started,bundle,org.eclipse.ecf.provider.filetransfer.httpclient,3.0.0.v20090604-1131,"org.eclipse.ecf.provider.filetransfer.httpclient",1383285737705
started,bundle,org.eclipse.equinox.app,1.2.0.v20090520-1800,"org.eclipse.equinox.app",1383285737713
started,bundle,org.eclipse.equinox.common,3.5.0.v20090520-1800,"org.eclipse.equinox.common",1383285737723
started,bundle,org.eclipse.equinox.ds,1.1.0.v20090601,"org.eclipse.equinox.ds",1383285737731
started,bundle,org.eclipse.equinox.frameworkadmin,1.0.100.v20090520-1905,"org.eclipse.equinox.frameworkadmin",1383285737737
started,bundle,org.eclipse.equinox.frameworkadmin.equinox,1.0.100.v20090520-1905,"org.eclipse.equinox.frameworkadmin.equinox",1383285737743
started,bundle,org.eclipse.equinox.p2.artifact.repository,1.0.100.v20090527-1812,"org.eclipse.equinox.p2.artifact.repository",1383285737748
started,bundle,org.eclipse.equinox.p2.core,1.0.100.v20090520-1905,"org.eclipse.equinox.p2.core",1383285737753
started,bundle,org.eclipse.equinox.p2.director,1.0.100.v20090520-1905,"org.eclipse.equinox.p2.director",1383285737757
started,bundle,org.eclipse.equinox.p2.directorywatcher,1.0.100.v20090525,"org.eclipse.equinox.p2.directorywatcher",1383285737763
started,bundle,org.eclipse.equinox.p2.engine,1.0.100.v20090525,"org.eclipse.equinox.p2.engine",1383285737771
started,bundle,org.eclipse.equinox.p2.exemplarysetup,1.0.100.v20090520-1905,"org.eclipse.equinox.p2.exemplarysetup",1383285737780
started,bundle,org.eclipse.equinox.p2.extensionlocation,1.0.100.v20090520-1905,"org.eclipse.equinox.p2.extensionlocation",1383285737783
started,bundle,org.eclipse.equinox.p2.garbagecollector,1.0.100.v20090520-1905,"org.eclipse.equinox.p2.garbagecollector",1383285737789
started,bundle,org.eclipse.equinox.p2.metadata,1.0.100.v20090525,"org.eclipse.equinox.p2.metadata",1383285737807
started,bundle,org.eclipse.equinox.p2.metadata.repository,1.0.100.v20090525,"org.eclipse.equinox.p2.metadata.repository",1383285737817
started,bundle,org.eclipse.equinox.p2.publisher,1.0.0.v20090527-1812,"org.eclipse.equinox.p2.publisher",1383285737825
started,bundle,org.eclipse.equinox.p2.reconciler.dropins,1.0.100.v20090520-1905,"org.eclipse.equinox.p2.reconciler.dropins",1383285737837
started,bundle,org.eclipse.equinox.p2.repository,1.0.0.v20090601-1921,"org.eclipse.equinox.p2.repository",1383285737840
started,bundle,org.eclipse.equinox.p2.touchpoint.eclipse,1.0.100.v20090611-1224,"org.eclipse.equinox.p2.touchpoint.eclipse",1383285737854
started,bundle,org.eclipse.equinox.p2.ui.sdk.scheduler,1.0.0.v20090520-1905,"org.eclipse.equinox.p2.ui.sdk.scheduler",1383285737863
started,bundle,org.eclipse.equinox.p2.updatechecker,1.1.0.v20090520-1905,"org.eclipse.equinox.p2.updatechecker",1383285737872
started,bundle,org.eclipse.equinox.preferences,3.2.300.v20090520-1800,"org.eclipse.equinox.preferences",1383285737881
started,bundle,org.eclipse.equinox.registry,3.4.100.v20090520-1800,"org.eclipse.equinox.registry",1383285737887
started,bundle,org.eclipse.equinox.security,1.0.100.v20090520-1800,"org.eclipse.equinox.security",1383285737900
started,bundle,org.eclipse.equinox.simpleconfigurator.manipulator,1.0.100.v20090520-1905,"org.eclipse.equinox.simpleconfigurator.manipulator",1383285737903
started,bundle,org.eclipse.equinox.util,1.0.100.v20090520-1800,"org.eclipse.equinox.util",1383285737914
started,bundle,org.eclipse.help,3.4.0.v20090526,"org.eclipse.help",1383285737927
started,bundle,org.eclipse.jdt.core.manipulation,1.3.0.v20090603,"org.eclipse.jdt.core.manipulation",1383285737980
started,bundle,org.eclipse.jdt.debug,3.5.0.v20090526,"org.eclipse.jdt.debug",1383285738012
started,bundle,org.eclipse.jdt.launching,3.5.0.v20090527,"org.eclipse.jdt.launching",1383285738022
started,bundle,org.eclipse.jface,3.5.0.I20090525-2000,"org.eclipse.jface",1383285738035
started,bundle,org.eclipse.jsch.core,1.1.100.I20090430-0408,"org.eclipse.jsch.core",1383285738036
started,bundle,org.eclipse.ltk.core.refactoring,3.5.0.v20090513-2000,"org.eclipse.ltk.core.refactoring",1383285738047
started,bundle,org.eclipse.ltk.ui.refactoring,3.4.100.v20090604,"org.eclipse.ltk.ui.refactoring",1383285738055
started,bundle,org.eclipse.mylyn.commons.net,3.2.0.v20090617-0100-e3x,"org.eclipse.mylyn.commons.net",1383285738055
started,bundle,org.eclipse.search,3.5.0.v20090526-2000,"org.eclipse.search",1383285738061
started,bundle,org.eclipse.team.core,3.5.0.I20090527-0620,"org.eclipse.team.core",1383285738068
started,bundle,org.eclipse.team.cvs.core,3.3.200.I20090430-0408,"org.eclipse.team.cvs.core",1383285738076
started,bundle,org.eclipse.team.ui,3.5.0.I20090430-0408,"org.eclipse.team.ui",1383285738094
started,bundle,org.eclipse.ui,3.5.0.I20090604-2000,"org.eclipse.ui",1383285738102
started,bundle,org.eclipse.ui.console,3.4.0.v20090513,"org.eclipse.ui.console",1383285738108
started,bundle,org.eclipse.ui.editors,3.5.0.v20090527-2000,"org.eclipse.ui.editors",1383285738108
started,bundle,org.eclipse.ui.forms,3.4.0.v20090526,"org.eclipse.ui.forms",1383285738111
started,bundle,org.eclipse.ui.ide,3.5.0.I20090525-2000,"org.eclipse.ui.ide",1383285738122
started,bundle,org.eclipse.ui.net,1.2.0.I20090430-0408,"org.eclipse.ui.net",1383285738128
started,bundle,org.eclipse.ui.views,3.4.0.I20090525-2000,"org.eclipse.ui.views",1383285738132
started,bundle,org.eclipse.ui.workbench,3.5.0.I20090603-2000,"org.eclipse.ui.workbench",1383285738138
started,bundle,org.eclipse.ui.workbench.texteditor,3.5.0.v20090603,"org.eclipse.ui.workbench.texteditor",1383285738147
started,bundle,org.eclipse.update.configurator,3.3.0.v20090312,"org.eclipse.update.configurator",1383285738153
started,bundle,org.eclipse.update.core,3.2.300.v20090525,"org.eclipse.update.core",1383285738175
started,bundle,org.eclipse.update.scheduler,3.2.200.v20081127,"org.eclipse.update.scheduler",1383285738176
started,bundle,com.google.gdt.eclipse.designer,3.1.2.r36x201305212009,"com.google.gdt.eclipse.designer",1383285738176
started,bundle,com.google.gdt.eclipse.designer.GXT,3.1.2.r36x201305212016,"com.google.gdt.eclipse.designer.GXT",1383285738184
started,bundle,com.google.gdt.eclipse.designer.GXT.databinding,3.1.2.r36x201305212016,"com.google.gdt.eclipse.designer.GXT.databinding",1383285738193
started,bundle,com.google.gdt.eclipse.designer.SmartGWT,3.1.2.r36x201305212016,"com.google.gdt.eclipse.designer.SmartGWT",1383285738209
started,bundle,com.google.gdt.eclipse.designer.UiBinder,3.1.2.r36x201305212009,"com.google.gdt.eclipse.designer.UiBinder",1383285738222
started,bundle,com.google.gdt.eclipse.designer.hosted,3.1.2.r36x201305212000,"com.google.gdt.eclipse.designer.hosted",1383285738252
started,bundle,org.eclipse.epp.usagedata.gathering,1.1.1.R201001291118,"org.eclipse.epp.usagedata.gathering",1383285738261
started,bundle,org.eclipse.epp.usagedata.recording,1.1.1.R201001291118,"org.eclipse.epp.usagedata.recording",1383285738290
started,bundle,org.eclipse.jdt.apt.core,3.3.201.R35x_v20090818-0235,"org.eclipse.jdt.apt.core",1383285738295
started,bundle,org.eclipse.jdt.apt.pluggable.core,1.0.201.R35x_v20090818-0225,"org.eclipse.jdt.apt.pluggable.core",1383285738303
started,bundle,org.eclipse.jdt.core,3.5.1.v_972_R35x,"org.eclipse.jdt.core",1383285738310
started,bundle,org.eclipse.jdt.debug.ui,3.4.1.v20090811_r351,"org.eclipse.jdt.debug.ui",1383285738310
started,bundle,org.eclipse.jdt.ui,3.5.1.r351_v20090821-0800,"org.eclipse.jdt.ui",1383285738310
started,bundle,org.eclipse.mylyn.bugzilla.core,3.2.3.v20100217-0100-e3x,"org.eclipse.mylyn.bugzilla.core",1383285738325
started,bundle,org.eclipse.mylyn.bugzilla.ui,3.2.3.v20100217-0100-e3x,"org.eclipse.mylyn.bugzilla.ui",1383285738338
started,bundle,org.eclipse.mylyn.commons.ui,3.2.3.v20100217-0100-e3x,"org.eclipse.mylyn.commons.ui",1383285738348
started,bundle,org.eclipse.mylyn.context.core,3.2.3.v20100217-0100-e3x,"org.eclipse.mylyn.context.core",1383285738356
started,bundle,org.eclipse.mylyn.context.ui,3.2.3.v20100217-0100-e3x,"org.eclipse.mylyn.context.ui",1383285738362
started,bundle,org.eclipse.mylyn.monitor.ui,3.2.3.v20100217-0100-e3x,"org.eclipse.mylyn.monitor.ui",1383285738373
started,bundle,org.eclipse.mylyn.tasks.ui,3.2.3.v20100217-0100-e3x,"org.eclipse.mylyn.tasks.ui",1383285738392
started,bundle,org.eclipse.mylyn.team.ui,3.2.3.v20100217-0100-e3x,"org.eclipse.mylyn.team.ui",1383285738402
started,bundle,org.eclipse.pde.ui,3.5.1.v201001121200,"org.eclipse.pde.ui",1383285738421
started,bundle,org.eclipse.team.cvs.ui,3.3.202.r35x_20090930-0800,"org.eclipse.team.cvs.ui",1383285738434
started,bundle,org.eclipse.ui.views.log,1.0.100.v20090731,"org.eclipse.ui.views.log",1383285738445
started,bundle,org.eclipse.wb.core,1.6.0.r36x201305211944,"org.eclipse.wb.core",1383285738445
